1.731976581290089712e+01 -3.602774355428292274e+00
1.666947734275532866e+01 -3.603482704958069327e+00
1.686792103711301039e+01 -3.602185264955153343e+00
1.636438913267904027e+01 -3.603337375082820149e+00
1.796004173630527845e+01 -3.602278780640095768e+00
1.611082602729827684e+01 -3.602668124889598200e+00
1.743264567834062007e+01 -3.602483975103864644e+00
1.757680703579418591e+01 -3.602564720350944327e+00
1.605280485089392783e+01 -3.602938653379961664e+00
1.697328735297643831e+01 -3.603049578343862969e+00
1.660727193239549493e+01 -3.602150489463379568e+00
1.625760056884599436e+01 -3.602979206514059118e+00
1.719558117380369566e+01 -3.602571823592214173e+00
1.735134852038929409e+01 -3.603248358432540766e+00
1.683935413893166810e+01 -3.602887888672643424e+00
1.779347076360722824e+01 -3.603429050184280058e+00
1.645714059509456817e+01 -3.602405248245312386e+00
1.648826622528458330e+01 -3.602359117757501394e+00
1.786530299623483842e+01 -3.602717606115789728e+00
1.766501268357612275e+01 -3.603228780743774173e+00
1.705573641836886978e+01 -3.603148734253498908e+00
1.600566155234910326e+01 -3.603246232786071257e+00
1.799681613143915015e+01 -3.602588411694281678e+00
1.717698517921213153e+01 -3.602308121652824102e+00
1.600110759995053655e+01 -3.602251224022445797e+00
1.767290361702493584e+01 -3.602942301298697636e+00
1.606298857576743444e+01 -3.602218734525251431e+00
1.799913693167153639e+01 -3.602887307278812123e+00
1.799646305114602285e+01 -3.603138578369916356e+00
1.600238316664511729e+01 -3.603075910779268032e+00
1.799733404787496482e+01 -3.602633405257111399e+00
1.600205659896769816e+01 -3.603149333703456136e+00
1.627939361290229314e+01 -3.603492042840032994e+00
1.799919165347281691e+01 -3.602881524476774899e+00
1.600313852640075396e+01 -3.603037486493979369e+00
1.799819735536315690e+01 -3.602474686149942151e+00
1.797920327644737526e+01 -3.602804952066929634e+00
1.765072788777317569e+01 -3.602930951956401451e+00
1.600257489744128847e+01 -3.603438272265030218e+00
1.782331011085832628e+01 -3.602798221809656809e+00
1.786049639340567552e+01 -3.602598798915376044e+00
1.600510965090851201e+01 -3.602306754619689855e+00
1.799740380592773192e+01 -3.602959743135142556e+00
1.665308795770856065e+01 -3.602735517572585255e+00
1.600479641186858970e+01 -3.603400819527935450e+00
1.690421629609538812e+01 -3.603277788886227295e+00
1.600028578428927162e+01 -3.603466070595236381e+00
1.799734841542639785e+01 -3.603274978337756451e+00
1.670401995233912729e+01 -3.602517706749255755e+00
1.600102448393994337e+01 -3.603493741876476530e+00
1.799608895461604163e+01 -3.602796944542835611e+00
1.753959853575262784e+01 -3.602629513009359297e+00
1.682748165491732451e+01 -3.602793205566968915e+00
1.756614004802369777e+01 -3.602635161992627566e+00
1.799987470408211720e+01 -3.602561588867181808e+00
1.684382522569024587e+01 -3.602214850121782330e+00
1.777583501079350725e+01 -3.602287214209373811e+00
1.600287593797829899e+01 -3.602995655933001196e+00
1.654665824356072790e+01 -3.602365744269765191e+00
1.622508680594309993e+01 -3.603063096033059853e+00
1.607042223181267815e+01 -3.602387368020003144e+00
1.775266245393180498e+01 -3.602445055535929974e+00
1.799455078507454431e+01 -3.602359197106706379e+00
1.600085486023917625e+01 -3.603283274046746865e+00
1.650314665840851447e+01 -3.602381781744058653e+00
1.600214840574298947e+01 -3.602917990197714637e+00
1.799665508285114868e+01 -3.602213465369496603e+00
1.600912061317562518e+01 -3.602321280824164695e+00
1.799427029652966681e+01 -3.603096253786024938e+00
1.784985748583664034e+01 -3.602389346997512565e+00
1.600087066797011559e+01 -3.602493835807940137e+00
1.799693846405594755e+01 -3.603256354936347439e+00
1.600542419423219087e+01 -3.602406244052008599e+00
1.657708094783690100e+01 -3.603093848765151819e+00
1.600389365123118424e+01 -3.602142696459660787e+00
1.630850873817762547e+01 -3.602531184224185612e+00
1.727053223668711368e+01 -3.602498010010401597e+00
1.799359237149055346e+01 -3.602859859499544459e+00
1.721804600535280372e+01 -3.602189952209172041e+00
1.657573163275153050e+01 -3.602572118750350771e+00
1.766219991435348291e+01 -3.602968345275468831e+00
1.685848392959777797e+01 -3.602558398435094400e+00
1.695968506947599153e+01 -3.602344283036426731e+00
1.777280053895633571e+01 -3.602249616222457984e+00
1.600187808459921968e+01 -3.602194810841656381e+00
1.799846748388210571e+01 -3.602639089247584803e+00
1.799607600208187819e+01 -3.602536922961070420e+00
1.728133637601985839e+01 -3.603198407521057245e+00
1.733812785437199011e+01 -3.602330535811374634e+00
1.603271508657313049e+01 -3.602878287498501475e+00
1.799683548824440038e+01 -3.602523422120440966e+00
1.779037971845782806e+01 -3.603461689441060489e+00
1.789643346657840439e+01 -3.603013236512906836e+00
1.600300709622894146e+01 -3.602414643471538280e+00
1.743741735776336910e+01 -3.602801769993680736e+00
1.691775372928622545e+01 -3.602211648377207975e+00
1.799386877761989467e+01 -3.602408047698687721e+00
1.600532755133793472e+01 -3.602798136465046763e+00
1.799672816010422238e+01 -3.602395045994766232e+00
1.792490819204733654e+01 -3.603331860901444195e+00
1.731109124519334941e+01 -3.603052049898589182e+00
1.799632217329692097e+01 -3.602245131495436237e+00
1.653665452094853805e+01 -3.603266325650368529e+00
1.695078829757677497e+01 -3.602137158182498133e+00
1.765814763706046264e+01 -3.602302643705227236e+00
1.609450383493178194e+01 -3.603307633707535818e+00
1.600232402297971390e+01 -3.603448522367177276e+00
1.666273198900539398e+01 -3.603024413054558561e+00
1.769947959971002405e+01 -3.602878897357805421e+00
1.600046768167646505e+01 -3.603105259717711562e+00
1.789366971785781857e+01 -3.603166227356423335e+00
1.735309298865641026e+01 -3.602494202095166465e+00
1.600478632674128576e+01 -3.602289840836077062e+00
1.799571434248718660e+01 -3.602381713226887605e+00
1.799866120967382344e+01 -3.602985976505063359e+00
1.799837467668804436e+01 -3.602153323377778715e+00
1.615610513697752637e+01 -3.602422056085337054e+00
1.600261887845960374e+01 -3.602272018015068689e+00
1.640411421949935900e+01 -3.602118538449766483e+00
1.713534865518419181e+01 -3.602270373808145632e+00
1.600362193531507415e+01 -3.603342858377935887e+00
